AdmT_ACC	KB894406	48.02	205138	205893	121	304	295743	4e-70
AdmT_ACC	KB894406	42.35	103297	104139	119	304	295743	9e-70
EF-Tu	LGDV01000251	60.25	208832	209998	238	397	572873	3e-145
AdmT_ACC	KZ836076	45.02	194818	194066	113	304	1230196	3e-67
AdmT_ACC	KZ836076	32.98	17798	17247	62	304	1230196	5e-21
AdmT_ACC	PEFS01000001	44.63	3944660	3943935	108	304	10017374	9e-63
AdmT_ACC	PEFS01000001	32.18	3765045	3764476	65	304	10017374	1e-20
mupM_Ile-tRNA-syn	LZKL01000111	40.30	55545	58643	424	1030	180974	0.0
mupM_Ile-tRNA-syn	JKPI01000013	40.44	139863	142958	425	1030	194291	0.0
agnB2_Leu-tRNA-syn	AM889285	36.93	3855649	3858231	322	813	5330007	3e-168
GriR_DnaN	LZSV01000011	39.22	266303	265149	151	373	512717	5e-79
GyrB-R	AUHU01000008	50.91	135753	137351	281	677	242869	2e-143
GyrB-R	AUHU01000008	52.86	137946	138155	37	677	242869	2e-09
mupM_Ile-tRNA-syn	KK356241	40.44	3000045	3003140	425	1030	5669429	0.0
mupM_Ile-tRNA-syn	MVIK01000003	40.92	69737	72805	426	1030	208205	0.0
borI_Thr-tRNA-syn	CP019572	48.44	4143382	4145385	325	675	7296384	0.0
borI_Thr-tRNA-syn	CP018836	36.39	842715	840952	222	675	1708863	6e-123
borI_Thr-tRNA-syn	CP018836	35.69	1162362	1160644	212	675	1708863	7e-118
Ind0_Trp-tRNA-syn	MEES01000014	38.04	45251	44274	124	321	120623	3e-52
GyrB-R	JOFS01000013	45.06	132998	135028	310	677	174845	2e-136
mupM_Ile-tRNA-syn	LQPW01000167	40.11	243298	240215	420	1030	264141	0.0
AdmT_ACC	ANAW01000217	49.81	18544	17756	132	304	139962	7e-75
EF-Tu	PKDJ01000154	31.11	31543	30497	121	397	46613	1e-36
mupM_Ile-tRNA-syn	LQPF01000043	40.15	15289	12209	420	1030	31810	0.0
AdmT_ACC	CP004121	48.67	4841423	4842196	128	304	8187399	2e-78
AdmT_ACC	CP004121	48.88	2954647	2955432	131	304	8187399	9e-75
AdmT_ACC	KB913024	42.22	3396165	3395359	114	304	4235478	2e-60
AdmT_ACC	KB913024	30.28	2603002	2603418	43	304	4235478	5e-09
AdmT_ACC	OFLW01000124	40.08	8769	8056	97	304	33137	1e-56
PtmP3_FabB-F	LN879412	64.76	17580	16372	261	404	17580	6e-139
mupM_Ile-tRNA-syn	CSTD01000001	39.83	2070505	2067401	419	1030	2945717	0.0
AdmT_ACC	JNLE01000003	47.06	1556996	1557790	128	304	4699024	1e-70
AdmT_ACC	JNLE01000003	41.40	2416585	2417418	118	304	4699024	8e-61
rubR1_TIF	LMFB01000001	50.00	426953	427150	33	74	608202	1e-18
mupM_Ile-tRNA-syn	LZKT01000050	40.76	102860	99753	430	1030	193393	0.0
GyrB-R	LZJQ01000042	62.85	103818	101821	423	677	134767	0.0
mupM_Ile-tRNA-syn	PHSU01000014	88.83	94684	97773	915	1030	269862	0.0
SalI_beta_proteasome	BBUY01000002	54.94	673691	672948	139	282	836663	7e-82
SalI_beta_proteasome	BBUY01000002	51.00	126325	127068	128	282	836663	4e-70
GyrB-R	NBMB01000023	30.00	51143	52828	186	677	87419	3e-52
GyrB-R	CP022088	64.44	9394033	9392030	435	677	11793763	0.0
GyrB-R	CP022088	64.17	3220494	3218584	419	677	11793763	0.0
BatG_FabI	JXDG01000003	100.00	462457	463644	396	396	593675	0.0
AdmT_ACC	FMZZ01000007	44.15	359723	358929	117	304	463074	4e-67
SalI_beta_proteasome	JAOA01000016	57.02	119653	118928	138	282	137971	2e-85
GriR_DnaN	MVHW01000011	38.44	57363	58517	148	373	180936	6e-79
GyrB-R	CP007219	66.77	10670796	10672775	444	677	11998918	0.0
GyrB-R	CP007219	39.29	9166338	9164350	266	677	11998918	5e-115
mupM_Ile-tRNA-syn	AP018164	40.55	4006850	4009867	412	1030	6898441	0.0
EF-Tu	LSRI01000011	81.31	643202	642018	322	397	990761	0.0
EF-Tu	LSRI01000011	34.48	799845	799411	50	397	990761	1e-18
EF-Tu	LSRI01000011	32.21	387384	386950	48	397	990761	2e-13
EF-Tu	LSRI01000011	33.59	645417	645037	43	397	990761	3e-11
EF-Tu	LSRI01000011	30.34	568072	568491	44	397	990761	4e-09
PtmP3_FabB-F	FQ859185	66.92	8666615	8667811	267	404	8753753	3e-126
mupM_Ile-tRNA-syn	LZLS01000103	39.68	49774	52890	419	1030	70042	0.0
GyrB-R	MPMZ01000016	42.25	20844	22778	278	677	50678	4e-126
EF-Tu	MIET01000074	73.44	7729	8640	224	397	39212	3e-137
mupM_Ile-tRNA-syn	CP004886	44.53	2735367	2737664	346	1030	5401183	0.0
mupM_Ile-tRNA-syn	CP025546	40.11	5172508	5175627	424	1030	9032067	0.0
SalI_beta_proteasome	MWKY01000001	57.02	2701047	2700322	138	282	8856427	1e-83
mupM_Ile-tRNA-syn	LQPD01000112	40.75	153870	150793	425	1030	312707	0.0
GyrB-R	LZKI01000115	63.60	79644	81641	428	677	257423	0.0
EF-Tu	BBUY01000005	84.89	227399	226209	337	397	568559	0.0
agnB2_Leu-tRNA-syn	CP023778	39.81	5661689	5664139	330	813	11793935	6e-173
agnB2_Leu-tRNA-syn	CP023778	31.38	11604634	11607393	295	813	11793935	3e-118
rubR1_TIF	LMJD01000001	50.00	1366879	1366682	33	74	2003609	1e-17
mupM_Ile-tRNA-syn	LZLF01000227	40.36	30805	27713	423	1030	46331	0.0
EF-Tu	FNIE01000009	87.91	303654	304844	349	397	526849	0.0
EF-Tu	CP011497	87.91	5946455	5945265	349	397	11012522	0.0
EF-Tu	CP011497	60.51	9573639	9574805	239	397	11012522	2e-145
EF-Tu	CP011497	30.87	4179093	4179524	46	397	11012522	8e-17
EF-Tu	CP011497	32.61	4780765	4780154	75	397	11012522	4e-14
EF-Tu	CP011497	30.22	2830201	2830608	42	397	11012522	2e-11
EF-Tu	CP011497	35.11	3646255	3645875	46	397	11012522	5e-11
EF-Tu	QLLW01000013	60.00	124115	125284	237	397	312811	1e-143
rubR1_TIF	CXWL01000826	39.39	144976	144779	26	74	382601	2e-11
mupM_Ile-tRNA-syn	FMUY01000005	37.07	177276	174196	384	1030	293508	0.0
GyrB-R	LZJZ01000015	62.30	121074	123071	418	677	246965	0.0
mupM_Ile-tRNA-syn	MMDX01000012	40.44	100071	103166	425	1030	1470904	0.0
mupM_Ile-tRNA-syn	MAEM01000259	40.21	85050	81967	421	1030	99672	0.0
AdmT_ACC	OAUA01000150	40.46	43615	42839	106	304	48774	6e-57
mupM_Ile-tRNA-syn	LQOR01000027	40.89	114914	117928	415	1030	118812	0.0
rubR1_TIF	AUDH01000004	57.58	210449	210252	38	74	237517	8e-21
GyrB-R	PXZN01000012	43.32	1046659	1044740	292	677	1440197	2e-124
EF-Tu	KI632511	85.61	5491424	5490237	339	397	9994349	0.0
EF-Tu	KI632511	58.08	9518704	9519879	230	397	9994349	5e-144
EF-Tu	KI632511	33.33	4829107	4829538	49	397	9994349	3e-17
EF-Tu	KI632511	31.82	3103678	3103295	42	397	9994349	9e-13
EF-Tu	KI632511	35.11	8014243	8014623	46	397	9994349	2e-11
EF-Tu	KI632511	30.30	5205790	5205176	70	397	9994349	5e-11
EF-Tu	KI632511	30.99	9370545	9370937	44	397	9994349	2e-10
EF-Tu	KI632511	33.79	5360900	5360487	49	397	9994349	9e-10
AdmT_ACC	AUKO01000040	44.56	12587	11733	127	304	39339	1e-71
EF-Tu	FNLF01000002	81.31	2524071	2525255	322	397	6104139	0.0
EF-Tu	FNLF01000002	34.48	2361530	2361964	50	397	6104139	9e-18
EF-Tu	FNLF01000002	32.21	2779180	2779614	48	397	6104139	9e-13
EF-Tu	FNLF01000002	39.10	3363346	3363681	52	397	6104139	7e-12
EF-Tu	FNLF01000002	33.59	2521856	2522236	43	397	6104139	2e-10
EF-Tu	RBAM01000014	45.27	102359	101202	177	397	171477	1e-101
mupM_Ile-tRNA-syn	CP024614	39.47	3197998	3201093	414	1030	5872982	0.0
AdmT_ACC	JODP01000022	45.42	69516	68731	119	304	82394	9e-72
PtmP3_FabB-F	KB913022	64.69	4665068	4663854	262	404	5459548	4e-130
GyrB-R	NQJM01000001	49.28	36374	37984	274	677	3834242	6e-140
GyrB-R	NQJM01000001	36.97	3376734	3374989	227	677	3834242	2e-99
GyrB-R	NQJM01000001	57.14	38567	38776	40	677	3834242	3e-09
SalI_beta_proteasome	JAFQ01000004	47.77	6347638	6348354	118	282	8534868	4e-58
SalI_beta_proteasome	KP830094	46.80	35648	36385	117	282	47268	2e-68
GyrB-R	CP020894	48.74	3840378	3841982	270	677	5412406	1e-141
GyrB-R	CP020894	38.35	4695533	4693782	237	677	5412406	6e-101
agnB2_Leu-tRNA-syn	QQAW01000006	39.06	245633	248230	339	813	348171	0.0
PtmP3_FabB-F	CM002280	66.33	3327499	3328692	264	404	11359306	1e-121
mupM_Ile-tRNA-syn	LZLM01000005	40.32	163503	160408	423	1030	388872	0.0
AdmT_ACC	MOMC01000016	45.42	275529	276281	114	304	311203	2e-64
SalI_beta_proteasome	QMEY01000002	48.19	706830	706099	120	282	1034998	3e-71
SalI_beta_proteasome	QMEY01000002	48.16	730964	730248	118	282	1034998	2e-63
GriR_DnaN	LISY01000001	50.93	829323	830447	191	373	2085185	1e-115
GriR_DnaN	LISY01000001	43.47	1120784	1119684	163	373	2085185	2e-71
AdmT_ACC	NIBS01000014	75.16	70960	71877	230	304	136745	9e-155
AdmT_ACC	LZYT01000003	42.58	355954	355208	109	304	454445	3e-61
AdmT_ACC	BCMK01000004	47.81	179599	180351	120	304	277291	6e-69
rubR1_TIF	AJ871581	100.00	33182	33403	74	74	134571	3e-45
rubR1_TIF	AJ871581	62.69	53379	53579	42	74	134571	4e-25
GyrB-R	CP023474	54.74	2195386	2197281	358	677	8834405	2e-180
GyrB-R	CP023474	43.03	5956972	5955053	290	677	8834405	7e-123
AdmT_ACC	CP032402	48.05	5213027	5213794	123	304	6800746	5e-67
AdmT_ACC	CP032402	38.84	1508114	1508773	87	304	6800746	1e-33
AdmT_ACC	CP032402	30.17	5321682	5322176	54	304	6800746	3e-14
mupM_Ile-tRNA-syn	LQPQ01000178	40.52	39784	36701	423	1030	98579	0.0
GyrB-R	CP030117	54.43	2127775	2129670	356	677	8567170	3e-178
GyrB-R	CP030117	43.32	5737829	5735910	292	677	8567170	4e-120
AdmT_ACC	QICS01000001	44.07	1285224	1284436	119	304	1311401	6e-73
AdmT_ACC	QICS01000001	41.92	527555	528325	109	304	1311401	1e-58
AdmT_ACC	KB903985	45.26	304626	303817	124	304	354348	1e-65
GriR_DnaN	LZJW01000147	39.74	109600	108446	153	373	206561	7e-80
PtmP3_FabB-F	JOIY01000044	81.41	46936	45743	324	404	99001	1e-172
EF-Tu	CP022433	88.16	5480961	5479771	350	397	10010106	0.0
EF-Tu	CP022433	60.76	3412544	3411381	240	397	10010106	6e-142
EF-Tu	CP022433	31.94	8747601	8747173	46	397	10010106	2e-16
EF-Tu	CP022433	32.17	8167788	8168399	74	397	10010106	7e-14
GyrB-R	LZSZ01000132	62.30	150544	148547	418	677	173150	0.0
SalI_beta_proteasome	HG917972	57.20	5985907	5985179	139	282	8726984	1e-81
GriR_DnaN	LZJS01000133	39.48	192222	193376	152	373	368495	4e-79
AdmT_ACC	OAWK01000026	41.13	46382	45648	102	304	146733	4e-56
GriR_DnaN	LZIX01000058	39.64	23593	24747	153	373	38466	1e-80
mupM_Ile-tRNA-syn	LZLY01000158	40.50	73568	76651	424	1030	110888	0.0
mupM_Ile-tRNA-syn	CP008969	48.44	2042259	2044184	311	1030	5457893	0.0
mupM_Ile-tRNA-syn	AQQC01000053	41.59	26157	23281	403	1030	41486	0.0
AdmT_ACC	QTUB01000001	74.36	3557319	3558254	232	304	5380174	2e-154
Ind0_Trp-tRNA-syn	KB892027	33.68	34940	34095	97	321	63720	9e-27
EF-Tu	PHAG01000006	71.11	337780	338970	283	397	421230	6e-175
EF-Tu	PHAG01000006	32.62	335553	335954	46	397	421230	5e-11
agnB2_Leu-tRNA-syn	KV411304	39.81	4744330	4741880	330	813	6167358	5e-173
AdmT_ACC	FNQZ01000002	39.08	391796	391023	102	304	561791	6e-54
EF-Tu	JNWJ01000005	85.89	117865	116675	341	397	273968	0.0
mupM_Ile-tRNA-syn	CP022704	40.44	3158335	3161430	425	1030	5819977	0.0
rubR1_TIF	MOOY01000008	50.00	137683	137880	33	74	334037	2e-18
GriR_DnaN	NCXM01000003	39.38	411798	410644	152	373	422909	1e-78
borI_Thr-tRNA-syn	KQ947475	35.74	5094889	5096652	218	675	5102558	8e-120
borI_Thr-tRNA-syn	KQ947475	35.18	4264626	4262848	216	675	5102558	5e-119
AdmT_ACC	MLCE01000002	46.85	499497	498736	119	304	542492	1e-68
GyrB-R	LGJF01000001	54.74	6589609	6587714	358	677	8074378	4e-179
GyrB-R	LGJF01000001	43.32	3222890	3224809	292	677	8074378	5e-124
AdmT_ACC	AUKN01000003	45.02	204031	203279	113	304	721403	2e-67
AdmT_ACC	AUKN01000003	35.92	25702	25277	51	304	721403	1e-20
mupM_Ile-tRNA-syn	MVHT01000008	40.17	51807	54884	419	1030	153933	0.0
mupM_Ile-tRNA-syn	LT906483	40.25	3715828	3718947	425	1030	6560885	0.0
GriR_DnaN	LZKU01000124	39.02	26000	27154	151	373	62941	3e-79
mupM_Ile-tRNA-syn	LZLV01000047	41.04	61316	58299	417	1030	120118	0.0
SalI_beta_proteasome	KQ949024	45.56	969666	970385	113	282	1263756	5e-62
AdmT_ACC	DJJW01000026	42.38	36952	37737	114	304	59392	9e-62
EF-Tu	CP031455	85.39	4650538	4649348	339	397	8810454	0.0
EF-Tu	CP031455	47.07	2173223	2172105	185	397	8810454	4e-97
EF-Tu	CP031455	38.14	318204	318788	82	397	8810454	8e-24
EF-Tu	CP031455	30.37	7419951	7420346	41	397	8810454	4e-13
EF-Tu	CP031455	32.03	6797730	6798341	74	397	8810454	6e-13
AdmT_ACC	NOKA02000002	41.54	315067	315837	108	304	414090	2e-58
AdmT_ACC	FQZK01000001	48.61	711810	712562	122	304	1257007	7e-73
borI_Thr-tRNA-syn	JMLO01000001	49.03	572810	574813	329	675	756661	0.0
EF-Tu	KB905817	84.63	298298	297108	336	397	483663	0.0
EF-Tu	KB905817	31.82	300596	300204	42	397	483663	8e-09
mupM_Ile-tRNA-syn	MBEU01000014	40.19	129400	126302	422	1030	136428	0.0
Ind0_Trp-tRNA-syn	PACP01000019	40.80	151337	150360	133	321	231605	2e-61
mupM_Ile-tRNA-syn	MVHE01000006	40.65	89990	93076	426	1030	294218	0.0
AdmT_ACC	FRDL01000004	48.47	323202	324083	143	304	376926	8e-86
agnB2_Leu-tRNA-syn	PFGG01000041	36.92	161635	164157	319	813	300109	2e-157
AdmT_ACC	ACXX02000001	44.87	257265	258041	118	304	924473	8e-65
mupM_Ile-tRNA-syn	CPBO01000003	40.44	279202	282297	425	1030	321947	0.0
agnB2_Leu-tRNA-syn	QVIG01000001	30.90	7065746	7063050	283	813	11255687	4e-116
GriR_DnaN	LZJQ01000042	38.96	106984	105830	150	373	134767	9e-80
rubR1_TIF	CP017248	69.86	9348045	9348263	51	74	12731885	2e-29
rubR1_TIF	CP017248	68.49	9335563	9335345	50	74	12731885	3e-28
rubR1_TIF	CP017248	59.15	7236469	7236257	42	74	12731885	3e-25
mupM_Ile-tRNA-syn	LZLE01000171	40.75	16177	19254	425	1030	34017	0.0
AdmT_ACC	RBXO01000001	41.67	5676989	5676198	110	304	9921563	2e-53
AdmT_ACC	RBXO01000001	40.87	4395305	4396057	103	304	9921563	5e-48
borI_Thr-tRNA-syn	DBDG01000059	39.65	81530	83341	247	675	123228	3e-134
mupM_Ile-tRNA-syn	KK322520	40.44	2877596	2880691	425	1030	5098626	0.0
mupM_Ile-tRNA-syn	LZIS01000249	40.40	22349	25432	423	1030	25834	0.0
mupM_Ile-tRNA-syn	PLAR01000082	40.38	29112	32195	422	1030	33473	0.0
PtmP3_FabB-F	KE354369	84.25	23635	24834	337	404	41379	0.0
PtmP3_FabB-F	KE354369	64.32	38358	37165	256	404	41379	6e-124
agnB2_Leu-tRNA-syn	CZLB01000430	40.81	3684	1171	344	813	7832	0.0
AdmT_ACC	JTHK01000007	75.82	59554	58637	232	304	99770	9e-156
mupM_Ile-tRNA-syn	LQPR01000003	39.71	97279	100362	415	1030	247334	0.0
AdmT_ACC	QMDO01000001	50.19	2614673	2615434	129	304	4351153	3e-81
AdmT_ACC	QMDO01000001	42.45	1362833	1362021	118	304	4351153	2e-69
EF-Tu	FQ859185	85.89	5826590	5825400	341	397	8753753	0.0
EF-Tu	FQ859185	84.89	6261431	6262621	337	397	8753753	0.0
EF-Tu	FQ859185	32.17	7289913	7290524	74	397	8753753	2e-13
rubR1_TIF	UBWJ01000014	50.00	468357	468160	33	74	1025478	5e-18
GyrB-R	LZSV01000011	62.30	263139	261142	418	677	512717	0.0
mupM_Ile-tRNA-syn	HG964936	40.36	2092303	2095395	423	1030	2237486	0.0
AdmT_ACC	KZ559477	48.02	194120	194875	121	304	234040	2e-70
mupM_Ile-tRNA-syn	LZMH01000031	40.42	70055	66963	424	1030	267935	0.0
GyrB-R	PXZM01000036	43.18	177208	179127	291	677	415809	2e-124
borI_Thr-tRNA-syn	OBDL01000006	48.14	377162	379165	323	675	383779	0.0
AdmT_ACC	KP710956	43.66	42032	41193	124	304	75656	1e-69
EF-Tu	JOCB01000044	51.65	23427	24590	204	397	76131	6e-121
PtmP3_FabB-F	CP011497	85.04	2555002	2553800	341	404	11012522	0.0
PtmP3_FabB-F	CP011497	65.08	3892911	3894104	259	404	11012522	2e-122
AdmT_ACC	NJAH01000006	78.32	78920	79777	224	304	228704	9e-153
AdmT_ACC	QFDR01000010	44.98	106625	107485	130	304	216969	3e-70
rubR1_TIF	QZCH01000007	62.12	167788	167591	41	74	201886	2e-23
SalI_beta_proteasome	CP022161	55.12	6450386	6449646	140	282	10990061	2e-79
SalI_beta_proteasome	CP022161	49.39	2881059	2880331	122	282	10990061	2e-61
GriR_DnaN	LZKI01000115	38.96	76478	77632	150	373	257423	1e-78
AdmT_ACC	OBVB01000276	40.59	49536	48733	110	304	49744	2e-59
AdmT_ACC	UGRU01000001	47.64	5266953	5267705	121	304	9985594	2e-64
AdmT_ACC	UGRU01000001	35.34	3402661	3403380	88	304	9985594	3e-36
AdmT_ACC	LIPP01000032	43.01	70104	69247	123	304	146759	3e-63
mupM_Ile-tRNA-syn	LKTM01000002	40.19	94006	97134	426	1030	157727	0.0
GriR_DnaN	LZJZ01000015	38.96	117910	119064	150	373	246965	1e-78
mupM_Ile-tRNA-syn	JPRX01000001	99.90	3059806	3056717	1029	1030	8079743	0.0
mupM_Ile-tRNA-syn	JPRX01000001	30.90	6021237	6020761	55	1030	8079743	6e-13
mupM_Ile-tRNA-syn	FUEZ01000004	39.69	5100304	5097224	414	1030	5729771	0.0
mupM_Ile-tRNA-syn	FN689524	39.63	48440	45411	403	1030	126559	0.0
rubR1_TIF	QGDV01000003	60.27	403160	403378	44	74	455902	2e-27
agnB2_Leu-tRNA-syn	LGTC01000001	41.88	4844569	4842101	348	813	9063313	0.0
agnB2_Leu-tRNA-syn	LGTC01000001	31.03	3023005	3023346	36	813	9063313	5e-09
mupM_Ile-tRNA-syn	LQPJ01000002	40.89	10665	7651	415	1030	19795	0.0
Ind0_Trp-tRNA-syn	PHEQ01000003	40.30	298820	299797	133	321	470793	1e-59
GyrB-R	KL570843	40.35	27755	25746	276	677	124278	1e-119
AdmT_ACC	AM420293	48.08	2931488	2932267	125	304	11098790	2e-77
AdmT_ACC	AM420293	31.65	7107733	7107104	69	304	11098790	2e-24
AdmT_ACC	BDBD01000011	42.55	1009276	1008458	117	304	1290933	2e-64
mupM_Ile-tRNA-syn	LQOY01000248	40.11	45855	48938	420	1030	126793	0.0
mupM_Ile-tRNA-syn	LZKS01000106	40.36	225420	228512	423	1030	416149	0.0
GyrB-R	FNPF01000009	40.03	83567	81645	265	677	213096	2e-113
GyrB-R	MVHW01000011	62.85	60529	62526	423	677	180936	0.0
GyrB-R	CAPD01000006	36.97	126766	128511	227	677	399719	2e-100
AdmT_ACC	BCQQ01000015	43.87	64777	65583	118	304	77378	1e-65
mupM_Ile-tRNA-syn	MBET01000054	40.59	83605	86634	414	1030	86675	0.0
AdmT_ACC	FNMZ01000003	50.71	687247	686405	143	304	754237	5e-89
mupM_Ile-tRNA-syn	LQPL01000015	40.90	129945	126862	427	1030	180767	0.0
mupM_Ile-tRNA-syn	LZKR01000030	40.13	10263	7180	421	1030	22759	0.0
borI_Thr-tRNA-syn	AXAM01000058	37.65	11862	13706	244	675	23621	9e-131
mupM_Ile-tRNA-syn	LZIR01000070	39.90	139805	136713	419	1030	454834	0.0
AdmT_ACC	KK211308	42.17	42030	41293	105	304	287251	7e-58
AdmT_ACC	CP017717	47.46	14422383	14421559	131	304	17324654	1e-76
AdmT_ACC	CP017717	46.15	9363965	9363123	132	304	17324654	1e-67
AdmT_ACC	CP017717	41.59	4641340	4641969	89	304	17324654	1e-38
AdmT_ACC	CP017717	37.29	16746693	16746022	88	304	17324654	1e-32
GyrB-R	QRDR01000001	43.32	1082640	1080721	292	677	1151691	8e-125
AdmT_ACC	FZOR01000007	45.08	282640	281849	119	304	329918	3e-71
AdmT_ACC	PDDW01000001	45.24	3792849	3792094	114	304	8544299	8e-62
AdmT_ACC	PDDW01000001	39.23	7558346	7558957	82	304	8544299	6e-33
AdmT_ACC	PDDW01000001	31.05	7051057	7051554	59	304	8544299	1e-11
AdmT_ACC	NJCW01000002	79.02	244893	244036	226	304	290352	9e-154
mupM_Ile-tRNA-syn	RCCW01000001	88.96	6511485	6508414	911	1030	9690218	0.0
mupM_Ile-tRNA-syn	RCCW01000001	30.34	3316187	3315711	54	1030	9690218	5e-12
AdmT_ACC	OBAA01000005	41.53	2257	2991	103	304	250439	6e-57
EF-Tu	KB899005	86.40	106111	107301	343	397	234556	0.0
EF-Tu	KB899005	31.82	103860	104252	42	397	234556	3e-09
GriR_DnaN	CM003601	51.20	6914878	6916002	192	373	11540169	3e-115
GriR_DnaN	CM003601	43.20	7318637	7317537	162	373	11540169	1e-70
AdmT_ACC	QTTT01000001	45.64	5329113	5328268	131	304	9374333	1e-69
AdmT_ACC	QTTT01000001	39.06	3434780	3434103	91	304	9374333	8e-39
AdmT_ACC	CP026304	44.40	10120607	10121371	115	304	11150086	9e-65
AdmT_ACC	CP026304	33.49	5440846	5441469	73	304	11150086	5e-24
mupM_Ile-tRNA-syn	MVHR01000021	40.25	102675	99589	423	1030	119923	0.0
mupM_Ile-tRNA-syn	LZLQ01000124	39.58	105485	108580	416	1030	360593	0.0
GyrB-R	CP018145	54.59	7484800	7486695	357	677	8450381	6e-179
GyrB-R	CP018145	43.32	4627525	4625606	292	677	8450381	1e-123
SalI_beta_proteasome	CP000667	100.00	2744464	2745309	282	282	6783290	3e-172
SalI_beta_proteasome	CP000667	57.87	4137717	4138469	147	282	6783290	3e-81
PtmP3_FabB-F	KZ195583	65.10	9004271	9003060	263	404	9009279	5e-134
AdmT_ACC	LJGV01000022	45.02	3456822	3457574	113	304	7466166	1e-66
AdmT_ACC	LJGV01000022	35.92	3635101	3635526	51	304	7466166	9e-20
mupM_Ile-tRNA-syn	NCXP01000025	39.85	25803	22672	424	1030	90647	0.0
Ind0_Trp-tRNA-syn	KB235898	36.30	822088	822963	110	321	1113454	1e-53
rubR1_TIF	PSUR01000002	60.27	203207	203425	44	74	244826	1e-26
mupM_Ile-tRNA-syn	LZKQ01000051	40.78	99753	96670	427	1030	174883	0.0
PtmP3_FabB-F	FOAZ01000002	63.22	790437	789247	251	404	797470	1e-132
mupM_Ile-tRNA-syn	AUSV01000137	39.16	113766	116867	408	1030	123902	0.0
EF-Tu	JOFL01000001	46.91	429067	427919	182	397	496629	3e-105
mupM_Ile-tRNA-syn	CP025542	96.60	6109741	6106655	994	1030	8670571	0.0
mupM_Ile-tRNA-syn	LZSE01000009	40.77	256351	253271	426	1030	470755	0.0
AdmT_ACC	FOQH01000007	48.67	264899	265798	146	304	511568	2e-89
AdmT_ACC	KE150468	44.06	2557363	2556584	115	304	3733967	3e-66
AdmT_ACC	CP015756	49.23	6190823	6190053	128	304	6244545	2e-78
AdmT_ACC	CP015756	49.23	3915082	3914312	128	304	6244545	2e-78
AdmT_ACC	PGZO01000001	43.38	230160	230966	118	304	330249	7e-71
mupM_Ile-tRNA-syn	LQPO01000034	40.65	155498	152421	424	1030	340802	0.0
PtmP3_FabB-F	KB895228	64.69	75558	76772	262	404	101589	3e-132
mupM_Ile-tRNA-syn	PKEK01000063	40.29	73723	70637	421	1030	100703	0.0
mupM_Ile-tRNA-syn	MOWS01000076	40.10	90282	93359	419	1030	114392	0.0
AdmT_ACC	PHAG01000006	46.48	245801	246559	119	304	421230	5e-75
mupM_Ile-tRNA-syn	LT721901	39.96	6905845	6902750	420	1030	7762569	0.0
AdmT_ACC	LZZM01000245	47.23	81344	80547	128	304	139725	3e-74
borI_Thr-tRNA-syn	LGTC01000001	38.83	4822241	4820400	245	675	9063313	1e-135
SalI_beta_proteasome	MWQA01000001	57.14	2592052	2591318	140	282	8338242	1e-84
mupM_Ile-tRNA-syn	FO203509	40.06	3658793	3661888	421	1030	6369559	0.0
mupM_Ile-tRNA-syn	KK334248	40.44	67800	70895	425	1030	120264	0.0
SalI_beta_proteasome	MWKW01000001	57.02	2557211	2556486	138	282	8563681	4e-84
mupM_Ile-tRNA-syn	LT968775	39.96	1730864	1727784	418	1030	1834886	0.0
borI_Thr-tRNA-syn	QZFT01000045	49.38	227955	229862	316	675	356944	0.0
EF-Tu	KL589842	61.36	169164	167998	243	397	246219	1e-145
mupM_Ile-tRNA-syn	KQ483382	40.44	51830	54925	425	1030	94590	0.0
GyrB-R	LZKU01000124	63.70	29154	31157	430	677	62941	0.0
rubR1_TIF	PLSL01000225	53.73	18164	18364	36	74	20416	4e-19
mupM_Ile-tRNA-syn	LZIC01000115	40.38	83448	80341	426	1030	96026	0.0
EF-Tu	BAUL01000113	56.00	29769	29095	126	397	42712	1e-101
EF-Tu	BAUL01000113	56.78	30184	29831	67	397	42712	1e-101
EF-Tu	BAUL01000113	48.94	28990	28850	23	397	42712	1e-101
EF-Tu	BAUL01000113	90.91	30264	30232	10	397	42712	1e-101
GyrB-R	JRFE01000011	49.62	43809	45701	324	677	72065	3e-157
GyrB-R	NCXM01000003	63.00	408634	406637	424	677	422909	0.0
PtmP3_FabB-F	LN879418	83.78	33632	32505	315	404	33632	7e-174
PtmP3_FabB-F	LN879418	62.81	18937	20130	250	404	33632	1e-120
EF-Tu	LWRP01000113	60.05	75820	77013	242	397	194850	2e-147
PtmP3_FabB-F	JOGB01000030	65.43	48639	49853	265	404	120288	1e-138
AdmT_ACC	PYAX01000012	45.17	240590	241453	131	304	278522	1e-69
AdmT_ACC	DFXI01000062	44.73	95225	94524	106	304	98060	2e-59
AdmT_ACC	FMCV01000021	45.25	89920	89132	119	304	155282	6e-68
PtmP3_FabB-F	LN879416	84.25	34399	33200	337	404	34439	0.0
PtmP3_FabB-F	LN879416	63.91	19003	20199	255	404	34439	5e-124
GyrB-R	LZJW01000147	62.70	106454	104457	422	677	206561	0.0
EF-Tu	MTKC01000001	60.25	1003579	1004748	238	397	2569378	2e-142
agnB2_Leu-tRNA-syn	LIPD01000001	30.90	406034	408730	283	813	1187204	1e-117
GriR_DnaN	LZSZ01000132	39.22	153708	152554	151	373	173150	5e-79
GyrB-R	LZJS01000133	62.85	195387	197384	423	677	368495	0.0
GyrB-R	PXZO01000002	43.03	483085	481166	290	677	524641	4e-124
GyrB-R	LZIX01000058	62.56	26761	28758	421	677	38466	0.0
